0 0.441675 0.827403 0.087417 0.061959
0 0.298150 0.780934 0.048567 0.066378
0 0.408758 0.692449 0.060417 0.045718
0 0.439517 0.758815 0.029133 0.060456
0 0.328900 0.858371 0.062600 0.044260
0 0.345625 0.785364 0.059350 0.036879
0 0.297608 0.660000 0.036683 0.066378
0 0.305158 0.587722 0.032383 0.033941
0 0.314333 0.541264 0.026967 0.050137
0 0.186992 0.569282 0.033450 0.061936
0 0.145442 0.615011 0.028050 0.038360
0 0.116300 0.699077 0.043167 0.041298
0 0.215583 0.792733 0.051800 0.039818
0 0.182675 0.821492 0.037783 0.041298
0 0.250125 0.876811 0.053950 0.054579
0 0.210192 0.343622 0.041017 0.035399
0 0.120617 0.348041 0.034533 0.023599
0 0.074217 0.299374 0.032367 0.061936
0 0.104975 0.283155 0.026983 0.020661
0 0.090408 0.248497 0.032383 0.028018
0 0.105508 0.199818 0.030217 0.042779
0 0.157858 0.172528 0.016183 0.020638
0 0.133575 0.184328 0.015117 0.023599
0 0.097958 0.159260 0.023750 0.026538
0 0.053717 0.102472 0.041000 0.045718
0 0.044000 0.176219 0.034533 0.066378
0 0.019183 0.117221 0.032367 0.051617
0 0.007975 0.170319 0.015950 0.036856
0 0.059650 0.666640 0.048567 0.076697
0 0.015525 0.718986 0.031050 0.045718
0 0.929992 0.390091 0.019417 0.019180
0 0.026733 0.907779 0.043167 0.048679
