0 0.217825 0.619173 0.172483 0.154436
0 0.181442 0.638659 0.183450 0.091454
0 0.387825 0.509724 0.215350 0.181404
0 0.439667 0.634912 0.203400 0.134937
0 0.495000 0.452757 0.160533 0.067469
0 0.403767 0.358296 0.177467 0.133434
0 0.556317 0.263847 0.193433 0.145439
0 0.601683 0.871053 0.180467 0.151429
0 0.852425 0.615414 0.231317 0.134937
0 0.929200 0.511980 0.121633 0.131930
0 0.783133 0.952769 0.070800 0.074962
0 0.846442 0.960263 0.063817 0.056967
0 0.907267 0.934010 0.043867 0.064461
0 0.970075 0.841817 0.043883 0.158922
